15 15 1660594543
21 17 1660594543
37 18 1660594543
49 19 1660594543
112 20 1660594543
129 23 1660594543
132 24 1660594543
142 25 1660594543
15 15.2364 1660594573
21 17.1114 1660594573
37 18.0292 1660594573
49 18.8407 1660594573
112 19.8624 1660594573
129 23.1194 1660594573
132 23.7582 1660594573
142 24.8711 1660594573
15 15.3413 1660594603
21 16.8634 1660594603
37 17.8402 1660594603
49 18.744 1660594603
112 19.9591 1660594603
129 22.9641 1660594603
132 23.8634 1660594603
142 24.7541 1660594603
15 15.2742 1660594633
21 17.0367 1660594633
37 18.0061 1660594633
49 18.7384 1660594633
112 19.9376 1660594633
129 22.7723 1660594633
132 23.6794 1660594633
142 24.8687 1660594633
15 15.3553 1660594663
21 16.9269 1660594663
37 18.0885 1660594663
49 18.6264 1660594663
112 19.9456 1660594663
129 22.7791 1660594663
132 23.5608 1660594663
142 24.7884 1660594663
15 15.3449 1660594693
21 17.1696 1660594693
37 17.8896 1660594693
49 18.8547 1660594693
112 19.8334 1660594693
129 22.9001 1660594693
132 23.4913 1660594693
142 24.7286 1660594693
15 15.3251 1660594723
21 17.0223 1660594723
37 17.8042 1660594723
49 19.0432 1660594723
112 20.0701 1660594723
129 22.7948 1660594723
132 23.3048 1660594723
142 24.7811 1660594723
15 15.557 1660594753
21 16.7829 1660594753
37 17.7504 1660594753
49 18.8788 1660594753
112 20.0798 1660594753
129 22.8301 1660594753
132 23.1689 1660594753
142 24.5873 1660594753
15 15.5363 1660594783
21 17.0034 1660594783
37 17.5496 1660594783
49 19.0578 1660594783
112 20.3184 1660594783
129 22.8318 1660594783
132 23.2446 1660594783
142 24.4644 1660594783
15 15.5156 1660594813
21 17.0151 1660594813
37 17.342 1660594813
49 19.2838 1660594813
112 20.079 1660594813
129 23.0049 1660594813
132 23.0936 1660594813
142 24.4471 1660594813
15 15.5352 1660594843
21 17.1343 1660594843
37 17.4942 1660594843
49 19.2803 1660594843
112 20.1815 1660594843
129 22.9148 1660594843
132 23.0706 1660594843
142 24.6015 1660594843
15 15.683 1660594873
21 16.9295 1660594873
37 17.3107 1660594873
49 19.1139 1660594873
112 20.3241 1660594873
129 22.8376 1660594873
132 23.1868 1660594873
142 24.8142 1660594873
15 15.6082 1660594903
21 16.7284 1660594903
37 17.5254 1660594903
49 19.1134 1660594903
112 20.4103 1660594903
129 23.0009 1660594903
132 23.3448 1660594903
142 24.5831 1660594903
15 15.4388 1660594933
21 16.7693 1660594933
37 17.3552 1660594933
49 19.078 1660594933
112 20.5559 1660594933
129 23.1407 1660594933
132 23.4963 1660594933
142 24.6458 1660594933
15 15.4044 1660594963
21 16.7027 1660594963
37 17.1655 1660594963
49 19.0612 1660594963
112 20.6913 1660594963
129 23.2772 1660594963
132 23.2478 1660594963
142 24.5999 1660594963
15 15.3461 1660594993
21 16.6562 1660594993
37 17.3696 1660594993
49 19.0571 1660594993
112 20.652 1660594993
129 23.0662 1660594993
132 23.3079 1660594993
142 24.4995 1660594993
15 15.1066 1660595023
21 16.4405 1660595023
37 17.3699 1660595023
49 19.1766 1660595023
112 20.8462 1660595023
129 22.8882 1660595023
132 23.5126 1660595023
142 24.2884 1660595023
15 15.2445 1660595053
21 16.3276 1660595053
37 17.4934 1660595053
49 19.1334 1660595053
112 20.9662 1660595053
129 22.9021 1660595053
132 23.5651 1660595053
142 24.349 1660595053
15 15.2976 1660595083
21 16.3217 1660595083
37 17.2963 1660595083
49 19.3526 1660595083
112 21.2032 1660595083
129 22.9865 1660595083
132 23.6518 1660595083
142 24.4369 1660595083
15 15.154 1660595113
21 16.1035 1660595113
37 17.1394 1660595113
49 19.5038 1660595113
112 21.0138 1660595113
129 23.2308 1660595113
132 23.8368 1660595113
142 24.3416 1660595113
15 15.1558 1660595143
21 16.008 1660595143
37 16.9066 1660595143
49 19.5405 1660595143
112 21.094 1660595143
129 23.2867 1660595143
132 23.6632 1660595143
142 24.2837 1660595143
15 15.0856 1660595173
21 16.1246 1660595173
37 16.964 1660595173
49 19.6456 1660595173
112 21.3229 1660595173
129 23.3661 1660595173
132 23.7773 1660595173
142 24.3435 1660595173
15 14.8521 1660595203
21 16.039 1660595203
37 16.7825 1660595203
49 19.607 1660595203
112 21.4767 1660595203
129 23.3378 1660595203
132 23.7326 1660595203
142 24.1268 1660595203
15 14.7204 1660595233
21 15.9983 1660595233
37 16.8895 1660595233
49 19.8539 1660595233
112 21.4485 1660595233
129 23.1448 1660595233
132 23.4832 1660595233
142 23.933 1660595233
15 14.5098 1660595263
21 16.0214 1660595263
37 16.804 1660595263
49 19.9231 1660595263
112 21.4898 1660595263
129 23.0144 1660595263
132 23.5344 1660595263
142 23.9093 1660595263
15 14.5298 1660595293
21 15.8394 1660595293
37 16.6814 1660595293
49 19.7758 1660595293
112 21.5712 1660595293
129 23.0592 1660595293
132 23.3574 1660595293
142 24.0681 1660595293
15 14.3246 1660595323
21 15.6619 1660595323
37 16.8621 1660595323
49 19.9034 1660595323
112 21.788 1660595323
129 23.2607 1660595323
132 23.5613 1660595323
142 24.1333 1660595323
15 14.2736 1660595353
21 15.7867 1660595353
37 16.7295 1660595353
49 19.8198 1660595353
112 21.779 1660595353
129 23.3767 1660595353
132 23.5463 1660595353
142 23.9733 1660595353
15 14.4338 1660595383
21 15.6218 1660595383
37 16.5433 1660595383
49 19.596 1660595383
112 21.8185 1660595383
129 23.4089 1660595383
132 23.4997 1660595383
142 23.8986 1660595383
15 14.4264 1660595413
21 15.4275 1660595413
37 16.5754 1660595413
49 19.8231 1660595413
112 22.0553 1660595413
129 23.3046 1660595413
132 23.725 1660595413
142 23.8544 1660595413
15 14.3591 1660595443
21 15.6401 1660595443
37 16.7458 1660595443
49 20.0509 1660595443
112 22.2391 1660595443
129 23.4273 1660595443
132 23.4949 1660595443
142 24.053 1660595443
15 14.4459 1660595473
21 15.6587 1660595473
37 16.8738 1660595473
49 20.1126 1660595473
112 22.173 1660595473
129 23.4151 1660595473
132 23.4624 1660595473
142 23.8681 1660595473
15 14.3371 1660595503
21 15.5966 1660595503
37 16.9557 1660595503
49 20.0734 1660595503
112 21.9871 1660595503
129 23.2381 1660595503
132 23.2367 1660595503
142 23.8817 1660595503
15 14.4091 1660595533
21 15.3589 1660595533
37 16.869 1660595533
49 20.0996 1660595533
112 22.12 1660595533
129 23.4586 1660595533
132 23.1035 1660595533
142 23.8394 1660595533
15 14.5894 1660595563
21 15.1584 1660595563
37 16.9304 1660595563
49 20.0992 1660595563
112 22.0552 1660595563
129 23.2818 1660595563
132 23.1242 1660595563
142 23.957 1660595563
15 14.4072 1660595593
21 15.3469 1660595593
37 17.1142 1660595593
49 20.3038 1660595593
112 21.8575 1660595593
129 23.3523 1660595593
132 23.0645 1660595593
142 24.0353 1660595593
15 14.5733 1660595623
21 15.3767 1660595623
37 17.3068 1660595623
49 20.3055 1660595623
112 21.8309 1660595623
129 23.2877 1660595623
132 22.8535 1660595623
142 24.2077 1660595623
15 14.7014 1660595653
21 15.4471 1660595653
37 17.5526 1660595653
49 20.2022 1660595653
112 21.6363 1660595653
129 23.0418 1660595653
132 22.6437 1660595653
142 24.3709 1660595653
15 14.4906 1660595683
21 15.5716 1660595683
37 17.6723 1660595683
49 20.2016 1660595683
112 21.41 1660595683
129 23.2488 1660595683
132 22.6033 1660595683
142 24.4616 1660595683
15 14.5074 1660595713
21 15.581 1660595713
37 17.7279 1660595713
49 20.0572 1660595713
112 21.2769 1660595713
129 23.0919 1660595713
132 22.4067 1660595713
142 24.2394 1660595713
15 14.322 1660595743
21 15.5677 1660595743
37 17.9027 1660595743
49 19.8225 1660595743
112 21.0916 1660595743
129 22.8804 1660595743
132 22.573 1660595743
142 24.1557 1660595743
15 14.3871 1660595773
21 15.6514 1660595773
37 17.782 1660595773
49 19.878 1660595773
112 21.2384 1660595773
129 22.7755 1660595773
132 22.4128 1660595773
142 24.2248 1660595773
15 14.3931 1660595803
21 15.8143 1660595803
37 17.5963 1660595803
49 19.776 1660595803
112 21.316 1660595803
129 22.8796 1660595803
132 22.4651 1660595803
142 24.0972 1660595803
15 14.5916 1660595833
21 15.5835 1660595833
37 17.5465 1660595833
49 19.926 1660595833
112 21.4831 1660595833
129 23.0889 1660595833
132 22.5059 1660595833
142 24.2723 1660595833
15 14.4638 1660595863
21 15.6467 1660595863
37 17.696 1660595863
49 19.7742 1660595863
112 21.6057 1660595863
129 23.0877 1660595863
132 22.5789 1660595863
142 24.1049 1660595863
15 14.311 1660595893
21 15.7352 1660595893
37 17.9254 1660595893
49 19.6776 1660595893
112 21.5644 1660595893
129 23.0286 1660595893
132 22.6005 1660595893
142 23.9558 1660595893
15 14.0743 1660595923
21 15.919 1660595923
37 17.9178 1660595923
49 19.9092 1660595923
112 21.621 1660595923
129 23.192 1660595923
132 22.5223 1660595923
142 24.0467 1660595923
15 14.1516 1660595953
21 15.9864 1660595953
37 17.9134 1660595953
49 19.9112 1660595953
112 21.5468 1660595953
129 23.1316 1660595953
132 22.3503 1660595953
142 23.8033 1660595953
15 14.3665 1660595983
21 15.9594 1660595983
37 17.8677 1660595983
49 19.8102 1660595983
112 21.7433 1660595983
129 22.8888 1660595983
132 22.1226 1660595983
142 23.734 1660595983
15 14.2727 1660596013
21 16.1631 1660596013
37 17.9876 1660596013
49 19.5916 1660596013
112 21.786 1660596013
129 22.6845 1660596013
132 22.2936 1660596013
142 23.7008 1660596013
15 14.3406 1660596043
21 16.2747 1660596043
37 17.7531 1660596043
49 19.45 1660596043
112 21.6487 1660596043
129 22.4644 1660596043
132 22.4564 1660596043
142 23.8237 1660596043
15 14.4788 1660596073
21 16.054 1660596073
37 17.7555 1660596073
49 19.4753 1660596073
112 21.7795 1660596073
129 22.6709 1660596073
132 22.5277 1660596073
142 23.7171 1660596073
15 14.4921 1660596103
21 16.1491 1660596103
37 17.8611 1660596103
49 19.2466 1660596103
112 21.6356 1660596103
129 22.5376 1660596103
132 22.4946 1660596103
142 23.8202 1660596103
15 14.6787 1660596133
21 16.1192 1660596133
37 17.636 1660596133
49 19.3665 1660596133
112 21.7192 1660596133
129 22.4359 1660596133
132 22.6706 1660596133
142 23.7563 1660596133
15 14.5149 1660596163
21 16.2597 1660596163
37 17.4968 1660596163
49 19.2352 1660596163
112 21.5226 1660596163
129 22.2393 1660596163
132 22.6959 1660596163
142 23.9603 1660596163
15 14.4812 1660596193
21 16.0934 1660596193
37 17.4958 1660596193
49 19.2083 1660596193
112 21.5548 1660596193
129 22.2059 1660596193
132 22.8252 1660596193
142 23.7598 1660596193
15 14.2428 1660596223
21 16.1503 1660596223
37 17.3455 1660596223
49 18.9639 1660596223
112 21.7297 1660596223
129 22.3932 1660596223
132 22.9601 1660596223
142 23.7081 1660596223
15 14.3165 1660596253
21 16.0306 1660596253
37 17.5566 1660596253
49 19.1938 1660596253
112 21.8038 1660596253
129 22.5134 1660596253
132 22.9692 1660596253
142 23.7492 1660596253
15 14.2429 1660596283
21 15.8797 1660596283
37 17.7401 1660596283
49 19.3961 1660596283
112 21.7122 1660596283
129 22.2952 1660596283
132 23.1859 1660596283
142 23.7745 1660596283
15 14.3301 1660596313
21 15.9359 1660596313
37 17.5343 1660596313
49 19.3402 1660596313
112 21.5177 1660596313
129 22.2341 1660596313
132 23.1509 1660596313
142 23.8147 1660596313
15 14.4569 1660596343
21 15.8812 1660596343
37 17.5849 1660596343
49 19.4819 1660596343
112 21.7113 1660596343
129 22.4728 1660596343
132 23.2623 1660596343
142 24.0196 1660596343
15 14.414 1660596373
21 15.9778 1660596373
37 17.366 1660596373
49 19.4693 1660596373
112 21.7405 1660596373
129 22.3581 1660596373
132 23.0758 1660596373
142 24.2221 1660596373
15 14.5332 1660596403
21 16.0464 1660596403
37 17.209 1660596403
49 19.6881 1660596403
112 21.8416 1660596403
129 22.3453 1660596403
132 23.1497 1660596403
142 24.2891 1660596403
15 14.5992 1660596433
21 15.8721 1660596433
37 17.0229 1660596433
49 19.7948 1660596433
112 21.9724 1660596433
129 22.2725 1660596433
132 23.1302 1660596433
142 24.1273 1660596433
15 14.4707 1660596463
21 15.7651 1660596463
37 17.1885 1660596463
49 19.6569 1660596463
112 21.8331 1660596463
129 22.4848 1660596463
132 23.2936 1660596463
142 24.1731 1660596463
15 14.6498 1660596493
21 15.8752 1660596493
37 17.3058 1660596493
49 19.8167 1660596493
112 22.0756 1660596493
129 22.2449 1660596493
132 23.0904 1660596493
142 23.9527 1660596493
15 14.4442 1660596523
21 15.6272 1660596523
37 17.1976 1660596523
49 19.7914 1660596523
112 22.2974 1660596523
129 22.2194 1660596523
132 22.9443 1660596523
142 23.8708 1660596523
15 14.561 1660596553
21 15.4237 1660596553
37 17.1604 1660596553
49 19.9821 1660596553
112 22.236 1660596553
129 22.4596 1660596553
132 22.7272 1660596553
142 23.799 1660596553
15 14.6593 1660596583
21 15.217 1660596583
37 17.221 1660596583
49 19.9459 1660596583
112 22.1881 1660596583
129 22.5997 1660596583
132 22.5359 1660596583
142 23.785 1660596583
15 14.7765 1660596613
21 15.3041 1660596613
37 17.446 1660596613
49 20.0711 1660596613
112 22.0211 1660596613
129 22.3635 1660596613
132 22.7186 1660596613
142 23.8279 1660596613
15 14.8323 1660596643
21 15.3999 1660596643
37 17.4731 1660596643
49 20.0259 1660596643
112 22.1772 1660596643
129 22.2883 1660596643
132 22.6128 1660596643
142 23.6601 1660596643
15 14.8044 1660596673
21 15.3338 1660596673
37 17.2363 1660596673
49 20.0225 1660596673
112 22.2478 1660596673
129 22.2437 1660596673
132 22.7443 1660596673
142 23.8722 1660596673
15 14.8709 1660596703
21 15.2256 1660596703
37 17.1473 1660596703
49 20.1841 1660596703
112 22.4677 1660596703
129 22.2167 1660596703
132 22.8735 1660596703
142 24.0214 1660596703
15 15.0235 1660596733
21 15.3824 1660596733
37 17.1241 1660596733
49 20.4184 1660596733
112 22.3014 1660596733
129 22.3665 1660596733
132 22.8404 1660596733
142 24.0935 1660596733
15 15.076 1660596763
21 15.5458 1660596763
37 17.1297 1660596763
49 20.4265 1660596763
112 22.1168 1660596763
129 22.3869 1660596763
132 22.7317 1660596763
142 23.8629 1660596763
15 14.837 1660596793
21 15.6608 1660596793
37 17.1473 1660596793
49 20.5992 1660596793
112 22.224 1660596793
129 22.1671 1660596793
132 22.5495 1660596793
142 23.8242 1660596793
15 14.6688 1660596823
21 15.6642 1660596823
37 17.0891 1660596823
49 20.8199 1660596823
112 22.2422 1660596823
129 21.9837 1660596823
132 22.3783 1660596823
142 23.9721 1660596823
15 14.4404 1660596853
21 15.5518 1660596853
37 16.8469 1660596853
49 20.8849 1660596853
112 22.3124 1660596853
129 21.892 1660596853
132 22.61 1660596853
142 23.7987 1660596853
15 14.6888 1660596883
21 15.3121 1660596883
37 16.8675 1660596883
49 21.1249 1660596883
112 22.5347 1660596883
129 21.9954 1660596883
132 22.6597 1660596883
142 23.9742 1660596883
15 14.8375 1660596913
21 15.3555 1660596913
37 17.1147 1660596913
49 21.1341 1660596913
112 22.6456 1660596913
129 21.7533 1660596913
132 22.8849 1660596913
142 23.7924 1660596913
15 14.7942 1660596943
21 15.4637 1660596943
37 16.8704 1660596943
49 21.0535 1660596943
112 22.8043 1660596943
129 21.8284 1660596943
132 22.6696 1660596943
142 23.6158 1660596943
15 14.8484 1660596973
21 15.667 1660596973
37 16.8798 1660596973
49 20.8727 1660596973
112 22.8855 1660596973
129 22.0669 1660596973
132 22.4357 1660596973
142 23.7565 1660596973
15 14.7361 1660597003
21 15.4784 1660597003
37 16.6729 1660597003
49 20.9816 1660597003
112 22.8334 1660597003
129 21.9352 1660597003
132 22.284 1660597003
142 24.003 1660597003
15 14.7202 1660597033
21 15.7072 1660597033
37 16.8293 1660597033
49 20.9821 1660597033
112 22.8695 1660597033
129 22.0047 1660597033
132 22.1071 1660597033
142 23.8502 1660597033
15 14.7654 1660597063
21 15.7807 1660597063
37 16.8272 1660597063
49 20.8248 1660597063
112 23.1141 1660597063
129 21.7592 1660597063
132 21.9499 1660597063
142 23.9478 1660597063
15 14.5603 1660597093
21 15.7684 1660597093
37 16.7533 1660597093
49 20.9369 1660597093
112 22.9432 1660597093
129 22.0016 1660597093
132 22.1928 1660597093
142 23.8403 1660597093
15 14.4697 1660597123
21 15.7593 1660597123
37 16.8778 1660597123
49 20.9149 1660597123
112 23.0977 1660597123
129 21.8386 1660597123
132 22.3712 1660597123
142 23.77 1660597123
15 14.6783 1660597153
21 15.5399 1660597153
37 16.7489 1660597153
49 20.8394 1660597153
112 23.1513 1660597153
129 22.02 1660597153
132 22.2104 1660597153
142 23.6539 1660597153
15 14.5261 1660597183
21 15.2924 1660597183
37 16.8595 1660597183
49 20.5941 1660597183
112 23.3835 1660597183
129 22.1921 1660597183
132 22.3186 1660597183
142 23.8406 1660597183
15 14.5362 1660597213
21 15.4226 1660597213
37 16.9098 1660597213
49 20.499 1660597213
112 23.3366 1660597213
129 22.2811 1660597213
132 22.5211 1660597213
142 23.9361 1660597213
15 14.5936 1660597243
21 15.2753 1660597243
37 17.0727 1660597243
49 20.3708 1660597243
112 23.3263 1660597243
129 22.1482 1660597243
132 22.6189 1660597243
142 23.8482 1660597243
15 14.3668 1660597273
21 15.0417 1660597273
37 17.2773 1660597273
49 20.561 1660597273
112 23.3691 1660597273
129 22.2368 1660597273
132 22.4859 1660597273
142 23.7812 1660597273
15 14.5574 1660597303
21 15.2523 1660597303
37 17.2007 1660597303
49 20.3631 1660597303
112 23.3415 1660597303
129 22.0628 1660597303
132 22.4648 1660597303
142 23.7063 1660597303
15 14.637 1660597333
21 15.0121 1660597333
37 17.2194 1660597333
49 20.1922 1660597333
112 23.1528 1660597333
129 21.9619 1660597333
132 22.558 1660597333
142 23.8726 1660597333
15 14.5758 1660597363
21 15.226 1660597363
37 17.3521 1660597363
49 20.3809 1660597363
112 23.2391 1660597363
129 21.9057 1660597363
132 22.515 1660597363
142 23.7156 1660597363
15 14.3931 1660597393
21 15.1107 1660597393
37 17.549 1660597393
49 20.583 1660597393
112 23.2375 1660597393
129 21.8097 1660597393
132 22.667 1660597393
142 23.5818 1660597393
15 14.3679 1660597423
21 14.9389 1660597423
37 17.3823 1660597423
49 20.3804 1660597423
112 23.2169 1660597423
129 21.9817 1660597423
132 22.8407 1660597423
142 23.533 1660597423
15 14.1409 1660597453
21 14.8572 1660597453
37 17.5912 1660597453
49 20.5341 1660597453
112 23.2825 1660597453
129 22.0825 1660597453
132 22.9591 1660597453
142 23.6467 1660597453
15 13.9199 1660597483
21 14.8976 1660597483
37 17.3669 1660597483
49 20.6514 1660597483
112 23.196 1660597483
129 22.0871 1660597483
132 23.1011 1660597483
142 23.6923 1660597483
15 13.7749 1660597513
21 15.0997 1660597513
37 17.5475 1660597513
49 20.6441 1660597513
112 23.301 1660597513
129 22.1297 1660597513
132 22.9126 1660597513
142 23.8593 1660597513
